   0.70000    1.317349926710
   0.80000    1.099850149742
   0.90000    0.831813363042
   1.00000    0.529511208394
   1.10000    0.208994161731
   1.20000   -0.113655604711
   1.25000   -0.271093199588
   1.30000   -0.423719133424
   1.35000   -0.570118745419
   1.40000   -0.708782301482
   1.45000   -0.838362218069
   1.50000   -0.956907048171
   1.55000   -1.061763629941
   1.60000   -1.147541340723
   1.65000   -1.203469473767
   1.68000   -1.212535779032
   1.69000   -1.209546477977
   1.70000   -1.202790347433
   1.71000   -1.191893058246
   1.72000   -1.175959606369
   1.73000   -1.154479314132
   1.74000   -1.126872208090
   1.75000   -1.092441221353
   1.76000   -1.050640457395
   1.78000   -0.942573980366
   1.80000   -0.799144563763
