   0.70000   -111.876724814466
   0.80000   -112.618495690672
   0.90000   -112.980345614274
   1.00000   -113.138331045244
   1.10000   -113.188011215792
   1.20000   -113.181795458532
   1.25000   -113.167360495839
   1.30000   -113.148619248114
   1.35000   -113.127223829323
   1.40000   -113.104383835866
   1.45000   -113.080975551016
   1.50000   -113.057627017230
   1.55000   -113.034788477427
   1.60000   -113.012794913118
   1.65000   -112.991944386423
   1.68000   -112.980132687248
   1.69000   -112.976335772750
   1.70000   -112.972617931037
   1.71000   -112.968985280201
   1.72000   -112.965444644089
   1.73000   -112.962004232455
   1.74000   -112.958670434469
   1.75000   -112.955452196889
   1.76000   -112.952357921874
   1.78000   -112.946574262611
   1.80000   -112.941381918287
