   0.70000   0.654080135675
   0.80000   0.710681599068
   0.90000   0.775610068820
   1.00000   0.851195572643
   1.10000   0.936259870255
   1.20000   1.027989036131
   1.25000   1.075242009420
   1.30000   1.122767760440
   1.35000   1.170042921907
   1.40000   1.216501440701
   1.45000   1.261548114362
   1.50000   1.304543433497
   1.55000   1.344808531906
   1.60000   1.381632516627
   1.65000   1.414178683767
   1.68000   1.431418728197
   1.69000   1.436740910489
   1.70000   1.441840644291
   1.71000   1.446711830415
   1.72000   1.451491860827
   1.73000   1.455896729395
   1.74000   1.460055268867
   1.75000   1.463961540243
   1.76000   1.467609656707
   1.78000   1.474344386024
   1.80000   1.479763718064
   2.00000   1.464315046626
   2.50000   0.901664468668
   3.00000   0.576663110772
   3.50000   1.305984419824
