   0.70000   -459.639599825200
   0.80000   -459.984104324188
   0.90000   -460.178368422526
   1.00000   -460.284277848051
   1.10000   -460.337754173907
   1.20000   -460.360036723722
   1.25000   -460.363691164689
   1.30000   -460.363882937288
   1.35000   -460.361449814858
   1.40000   -460.357049195743
   1.45000   -460.351198638108
   1.50000   -460.344306807940
   1.55000   -460.336697090871
   1.60000   -460.328625742125
   1.65000   -460.320295957779
   1.68000   -460.315242086579
   1.69000   -460.313555027883
   1.70000   -460.311868342839
   1.71000   -460.310182955289
   1.72000   -460.308499747225
   1.73000   -460.306819559576
   1.74000   -460.305143195035
   1.75000   -460.303471418778
   1.76000   -460.301804960481
   1.78000   -460.298491712742
   1.80000   -460.295206808931
   2.00000   -460.264808987949
   2.50000   -460.216582778102
   3.00000   -460.203975058582
   3.50000   -460.206984340726
